C:\Users\donan\python_cookbook\venv\Scripts\python.exe C:\Users\donan\python_cookbook\02_complex_native_datatypes\n15_generators.py
[0, 2, 4, 6, 8]
[1, 3, 5, 7, 9]
[1.3, -0.8, -2.9000000000000004, -5.0, -7.1]
[(0, 'a'), (1, 'b'), (2, 'c')]
[0, 1, 1, 2, 3, 5, 8, 13, 21, 34, 55, 89, 144, 233, 377]
1+0/1; 1+1/2; 1+5/6; 2+1/12; 2+17/60; 2+9/20; 2+83/140; 2+201/280; 2+2089/2520; 2+2341/2520; 3+551/27720; 3+2861/27720; 3+64913/360360; 3+90653/360360; 3+114677/360360;
[1, 1, 2, 6, 24, 120, 720, 5040, 40320, 362880, 3628800, 39916800, 479001600, 6227020800, 87178291200]
[1, 1, 1, 1, 1, 1, 1, 1, 1, 1, 1, 1, 1, 1, 1]
q q q q q
[1, 0, -1, 0, 1, 0, -1, 0, 1, 0, -1, 0, 1, 0, -1]

Process finished with exit code 0
